0 30 30
1 24.5334 27.0768
2 19.9151 24.3198
3 16.0852 21.7641
4 12.9484 19.4236
5 10.4004 17.2989
6 8.3419 15.3824
7 6.68463 13.6617
8 5.35342 12.1224
9 4.28567 10.7488
10 3.43004 9.52569
11 2.7448 8.43818
12 2.19623 7.47238
13 1.75719 6.61544
14 1.40586 5.85562
15 1.12474 5.18228
16 0.899817 4.58582
17 0.719868 4.05764
18 0.575901 3.59003
19 0.460725 3.17612
20 0.368582 2.80982
21 0.294866 2.48567
22 0.235893 2.19887
23 0.188715 1.94511
24 0.150972 1.72061
25 0.120778 1.522
26 0.0966223 1.3463
27 0.0772978 1.19088
28 0.0618383 1.05339
29 0.0494706 0.931771
30 0.0395765 0.824191
31 0.0316612 0.729029
32 0.025329 0.644853
33 0.0202632 0.570396
34 0.0162105 0.504535
35 0.0129684 0.446278
36 0.0103747 0.394747
37 0.00829979 0.349167
38 0.00663984 0.308849
39 0.00531187 0.273186
40 0.00424949 0.241642
41 0.0033996 0.21374
42 0.00271968 0.189059
43 0.00217574 0.167229
44 0.00174059 0.147919
45 0.00139247 0.130839
46 0.00111398 0.115731
47 0.000891184 0.102367
47 0.000712947 0.090547
