0 18 12
1 14.5127 10.6599
2 11.669 9.45788
3 9.36568 8.38427
4 7.50828 7.4281
5 6.01472 6.57818
6 4.81594 5.82373
7 3.85488 5.15467
8 3.085 4.56173
9 2.46856 4.03651
10 1.97514 3.57144
11 1.58026 3.15974
12 1.26428 2.79536
13 1.01146 2.4729
14 0.80919 2.18758
15 0.647362 1.93513
16 0.517895 1.71178
17 0.414319 1.51419
18 0.331456 1.3394
19 0.265166 1.18477
20 0.212133 1.04799
21 0.169707 0.926993
22 0.135765 0.819965
23 0.108612 0.725291
24 0.0868899 0.641547
25 0.0695119 0.567471
26 0.0556095 0.501948
27 0.0444876 0.443989
28 0.0355901 0.392723
29 0.0284721 0.347376
30 0.0227777 0.307265
31 0.0182221 0.271786
32 0.0145777 0.240403
33 0.0116622 0.212644
34 0.00932973 0.18809
35 0.00746379 0.166371
36 0.00597103 0.14716
37 0.00477682 0.130168
38 0.00382146 0.115137
39 0.00305717 0.101842
39 0.00244573 0.0900827
