0 18 12
1 -18.5586 -3.64197
2 19.1685 1.09569
3 -19.8375 -0.338786
4 20.5751 0.108296
5 -21.3934 -0.0359139
6 22.3068 0.0124019
7 -23.3339 -0.00447839
8 24.4982 0.00169929
9 -25.8299 -0.000681324
10 27.3683 0.00029052
11 -29.1656 -0.000132727
12 31.291 6.55212e-05
13 -33.8376 -3.52854e-05
14 36.9295 2.09465e-05
15 -40.7279 -1.38518e-05
16 45.4273 1.02965e-05
17 -51.2151 -8.63847e-06
18 58.1482 8.12811e-06
19 -65.9108 -8.3829e-06
20 73.6113 9.10767e-06
21 -80.0608 -9.97815e-06
22 84.5517 1.07144e-05
23 -87.2208 -1.1204e-05
24 88.6423 1.14814e-05
25 -89.3519 -1.16243e-05
26 89.6941 1.16944e-05
27 -89.8565 -1.17278e-05
28 89.9328 1.17436e-05
29 -89.9686 -1.1751e-05
30 89.9853 1.17545e-05
31 -89.9931 -1.17561e-05
32 89.9968 1.17569e-05
33 -89.9985 -1.17572e-05
